E 0 0 -5
V 0 0 1
F 60
R 512 512
S 0.2 0.0 1.0 0.7
S -0.5 0.0 3.0 0.7
S 0.5 0.0 -1.0 0.5
X
T -3.0 -3.0 -3.0 -3.0 -3.0 3.0 3.0 -3.0 3.0 200 200 200
T -3.0 -3.0 -3.0 3.0 -3.0 -3.0 3.0 -3.0 3.0 200 200 200
X
T 3.0 -3.0 3.0 -3.0 -3.0 3.0 3.0 3.0 3.0 200 0 0
T -3.0 3.0 3.0 -3.0 -3.0 3.0 3.0 3.0 3.0 200 0 0
X
T -3.0 -3.0 3.0 -3.0 -3.0 -3.0 -3.0 3.0 3.0 0 200 0
T -3.0 3.0 -3.0 -3.0 -3.0 -3.0 -3.0 3.0 3.0 0 200 0
X
T 3.0 -3.0 3.0 3.0 -3.0 -3.0 3.0 3.0 3.0 0 0 200
T 3.0 3.0 -3.0 3.0 -3.0 -3.0 3.0 3.0 3.0 0 0 200
X
L 3.0 3.0 -1.0
M 0.8 0.7 0.6 0.7 0.2 0.1 15.0 1 1 2.0